[gd_scene load_steps=14 format=3 uid="uid://bl0sblth3rsms"]

[ext_resource type="TorusMesh" uid="uid://5wf7ab02tbum" path="res://chrome_rose_skin.tres" id="1_tefeu"]
[ext_resource type="Environment" uid="uid://7onx2807fkd2" path="res://environment.tres" id="2_o6xl0"]
[ext_resource type="Script" uid="uid://flj10nko3j8g" path="res://camera_pivot.gd" id="3_tipki"]
[ext_resource type="Texture2D" uid="uid://b58xv1joypxo5" path="res://assets/textures/grids/Orange/texture_09.png" id="4_85g3d"]
[ext_resource type="Texture2D" uid="uid://dkeke5ukexb6v" path="res://assets/textures/grids/Green/texture_03.png" id="5_choun"]
[ext_resource type="Texture2D" uid="uid://bj2tjclvfiove" path="res://assets/textures/grids/Purple/texture_05.png" id="6_ya4ey"]
[ext_resource type="PackedScene" uid="uid://btvngwm342fek" path="res://scenes/Player.tscn" id="7_o6xl0"]

[sub_resource type="CylinderMesh" id="CylinderMesh_7dm0k"]
top_radius = 30.0
bottom_radius = 30.0
height = 0.5

[sub_resource type="StandardMaterial3D" id="StandardMaterial3D_ig7tw"]
albedo_color = Color(1, 0.5137255, 0.6392157, 1)
metallic = 1.0
roughness = 0.1
emission_enabled = true
emission = Color(1, 0, 0.5019608, 1)
emission_energy_multiplier = 0.2

[sub_resource type="CylinderShape3D" id="CylinderShape3D_0xm2m"]
height = 0.5
radius = 30.0

[sub_resource type="StandardMaterial3D" id="StandardMaterial3D_eb6dy"]
albedo_texture = ExtResource("4_85g3d")

[sub_resource type="StandardMaterial3D" id="StandardMaterial3D_trceg"]
albedo_texture = ExtResource("5_choun")

[sub_resource type="StandardMaterial3D" id="StandardMaterial3D_a8y0u"]
albedo_texture = ExtResource("6_ya4ey")

[node name="Main" type="Node3D"]

[node name="Arena" type="StaticBody3D" parent="."]

[node name="MeshInstance3D" type="MeshInstance3D" parent="Arena"]
mesh = SubResource("CylinderMesh_7dm0k")
surface_material_override/0 = SubResource("StandardMaterial3D_ig7tw")
metadata/_edit_lock_ = true

[node name="CollisionShape3D" type="CollisionShape3D" parent="Arena"]
shape = SubResource("CylinderShape3D_0xm2m")
metadata/_edit_lock_ = true

[node name="MeshInstance3D2" type="MeshInstance3D" parent="Arena"]
mesh = ExtResource("1_tefeu")
metadata/_edit_lock_ = true

[node name="WorldEnvironment" type="WorldEnvironment" parent="."]
environment = ExtResource("2_o6xl0")

[node name="DirectionalLight3D" type="DirectionalLight3D" parent="."]
transform = Transform3D(0.8660254, -0.3535534, 0.3535534, 0, 0.7071068, 0.7071068, -0.5, -0.61237246, 0.61237246, 0, 68.267365, 0)
light_color = Color(1, 0.72156864, 0.9647059, 1)
light_energy = 2.325
shadow_enabled = true

[node name="LumiereSceneBleu" type="SpotLight3D" parent="."]
transform = Transform3D(1, 0, 0, 0, 0.7230154, 0.69083196, 0, -0.69083196, 0.7230154, -5.146406, 21.151318, 28.524382)
light_color = Color(0, 0.6666667, 1, 1)
light_energy = 15.0
shadow_enabled = true
spot_range = 20.0
spot_angle = 70.0
spot_angle_attenuation = 0.7845841

[node name="LumiereSceneBlanche" type="SpotLight3D" parent="."]
transform = Transform3D(-0.14592771, -0.6834368, 0.7152757, 2.5992056e-10, 0.7230154, 0.69083196, -0.98929524, 0.10081153, -0.10550798, 30.279888, 21.258846, -12.639595)
light_energy = 15.0
shadow_enabled = true
spot_range = 20.0
spot_angle = 70.0
spot_angle_attenuation = 0.7845841

[node name="LumiereSceneRose" type="SpotLight3D" parent="."]
transform = Transform3D(-0.7014939, 0.49233896, -0.51527536, -6.9093624e-09, 0.7230154, 0.69083196, 0.7126755, 0.4846144, -0.50719094, -23.049513, 21.317997, -22.949953)
light_color = Color(1, 0, 1, 1)
light_energy = 15.0
shadow_enabled = true
spot_range = 20.0
spot_angle = 70.0
spot_angle_attenuation = 0.7845841

[node name="CameraStatique" type="Camera3D" parent="."]
transform = Transform3D(1, 0, 0, 0, 0.7660445, 0.64278764, 0, -0.64278764, 0.7660445, 0, 14.489231, 37.383564)
fov = 65.0

[node name="CameraPivot" type="Node3D" parent="."]
script = ExtResource("3_tipki")

[node name="Camera3D" type="Camera3D" parent="CameraPivot"]
transform = Transform3D(1, 0, 0, 0, 0.57357645, 0.81915206, 0, -0.81915206, 0.57357645, 0, 16.402168, 33.62161)
current = true
fov = 65.0

[node name="box1" type="CSGBox3D" parent="."]
transform = Transform3D(0.87897533, 0, -0.4768673, 0, 1, 0, 0.4768673, 0, 0.87897533, 0.48112893, 1.3496737, 4.9455223)
material_override = SubResource("StandardMaterial3D_eb6dy")
use_collision = true
size = Vector3(2, 2, 2)

[node name="box2" type="CSGBox3D" parent="."]
transform = Transform3D(0.87897533, 0, -0.4768673, 0, 1, 0, 0.4768673, 0, 0.87897533, 6.330221, 0.98700404, 1.4797274)
material_override = SubResource("StandardMaterial3D_trceg")
use_collision = true

[node name="box3" type="CSGBox3D" parent="."]
transform = Transform3D(0.87897533, 0, -0.4768673, 0, 1, 0, 0.4768673, 0, 0.87897533, 1.298358, 1.3835304, -3.8189442)
material_override = SubResource("StandardMaterial3D_a8y0u")
use_collision = true
size = Vector3(1, 2, 1)

[node name="Player" parent="." instance=ExtResource("7_o6xl0")]
transform = Transform3D(1, 0, 0, 0, 1, 0, 0, 0, 1, 3.889051, 0.6028279, -0.6224394)
