[gd_scene load_steps=11 format=3 uid="uid://bl0sblth3rsms"]

[ext_resource type="TorusMesh" uid="uid://5wf7ab02tbum" path="res://chrome_rose_skin.tres" id="1_0xm2m"]
[ext_resource type="Environment" uid="uid://7onx2807fkd2" path="res://environment.tres" id="1_ig7tw"]
[ext_resource type="Script" uid="uid://flj10nko3j8g" path="res://camera_pivot.gd" id="3_h2yge"]

[sub_resource type="CylinderMesh" id="CylinderMesh_7dm0k"]
top_radius = 30.0
bottom_radius = 30.0
height = 0.5

[sub_resource type="StandardMaterial3D" id="StandardMaterial3D_ig7tw"]
albedo_color = Color(1, 0.5137255, 0.6392157, 1)
metallic = 1.0
roughness = 0.1
emission_enabled = true
emission = Color(1, 0, 0.5019608, 1)
emission_energy_multiplier = 0.2

[sub_resource type="CylinderShape3D" id="CylinderShape3D_0xm2m"]
height = 0.5
radius = 10.0

[sub_resource type="StandardMaterial3D" id="StandardMaterial3D_h2yge"]
transparency = 1
albedo_color = Color(1, 0.72156864, 0.9647059, 1)
emission_enabled = true
emission = Color(1, 0.4, 0.8, 1)

[sub_resource type="SphereMesh" id="SphereMesh_1bvp3"]
radius = 0.2
height = 0.4

[sub_resource type="Curve" id="Curve_lquwl"]

[sub_resource type="Gradient" id="Gradient_7mycd"]

[node name="Main" type="Node3D"]

[node name="Arena" type="StaticBody3D" parent="."]

[node name="MeshInstance3D" type="MeshInstance3D" parent="Arena"]
mesh = SubResource("CylinderMesh_7dm0k")
surface_material_override/0 = SubResource("StandardMaterial3D_ig7tw")
metadata/_edit_lock_ = true

[node name="CollisionShape3D" type="CollisionShape3D" parent="Arena"]
shape = SubResource("CylinderShape3D_0xm2m")
metadata/_edit_lock_ = true

[node name="MeshInstance3D2" type="MeshInstance3D" parent="Arena"]
mesh = ExtResource("1_0xm2m")
metadata/_edit_lock_ = true

[node name="WorldEnvironment" type="WorldEnvironment" parent="."]
environment = ExtResource("1_ig7tw")

[node name="DirectionalLight3D" type="DirectionalLight3D" parent="."]
transform = Transform3D(0.8660254, -0.3535534, 0.3535534, 0, 0.7071068, 0.7071068, -0.5, -0.61237246, 0.61237246, 0, 68.267365, 0)
light_color = Color(1, 0.72156864, 0.9647059, 1)
light_energy = 2.325
shadow_enabled = true

[node name="LumiereSceneBleu" type="SpotLight3D" parent="."]
transform = Transform3D(1, 0, 0, 0, 0.7230154, 0.69083196, 0, -0.69083196, 0.7230154, -5.146406, 21.151318, 28.524382)
light_color = Color(0, 0.6666667, 1, 1)
light_energy = 15.0
shadow_enabled = true
spot_range = 20.0
spot_angle = 70.0
spot_angle_attenuation = 0.7845841

[node name="LumiereSceneBlanche" type="SpotLight3D" parent="."]
transform = Transform3D(-0.14592771, -0.6834368, 0.7152757, 2.5992056e-10, 0.7230154, 0.69083196, -0.98929524, 0.10081153, -0.10550798, 30.279888, 21.258846, -12.639595)
light_energy = 15.0
shadow_enabled = true
spot_range = 20.0
spot_angle = 70.0
spot_angle_attenuation = 0.7845841

[node name="LumiereSceneRose" type="SpotLight3D" parent="."]
transform = Transform3D(-0.7014939, 0.49233896, -0.51527536, -6.9093624e-09, 0.7230154, 0.69083196, 0.7126755, 0.4846144, -0.50719094, -23.049513, 21.317997, -22.949953)
light_color = Color(1, 0, 1, 1)
light_energy = 15.0
shadow_enabled = true
spot_range = 20.0
spot_angle = 70.0
spot_angle_attenuation = 0.7845841

[node name="CameraStatique" type="Camera3D" parent="."]
transform = Transform3D(1, 0, 0, 0, 0.7660445, 0.64278764, 0, -0.64278764, 0.7660445, 0, 14.489231, 37.383564)
fov = 65.0

[node name="CameraPivot" type="Node3D" parent="."]
script = ExtResource("3_h2yge")

[node name="Camera3D" type="Camera3D" parent="CameraPivot"]
transform = Transform3D(1, 0, 0, 0, 0.57357645, 0.81915206, 0, -0.81915206, 0.57357645, 0, 16.402168, 33.62161)
fov = 65.0

[node name="Bulle" type="CPUParticles3D" parent="."]
transform = Transform3D(1, 0, 0, 0, 1, 0, 0, 0, 1, 0, 0.5, 0)
material_override = SubResource("StandardMaterial3D_h2yge")
amount = 200
lifetime = 10.0
preprocess = 5.0
speed_scale = 0.2
mesh = SubResource("SphereMesh_1bvp3")
emission_shape = 1
emission_sphere_radius = 30.0
spread = 180.0
gravity = Vector3(0, 0, 0)
initial_velocity_min = 0.1
initial_velocity_max = 0.3
scale_amount_min = 0.1
scale_amount_max = 0.15
scale_amount_curve = SubResource("Curve_lquwl")
color = Color(1, 0.6, 0.8666667, 1)
color_ramp = SubResource("Gradient_7mycd")
